1000 vertices
0 tets
0.190605 0.296085 -0.0028385 0.0 0.0 0.0 
0.324541 0.281665 -0.0028385 0.1558065 0.2161675 -0.00112125 
0.144777 0.262931 -0.0028385 0.0 0.0 0.0 
0.130303 0.231341 -0.0028385 0.122496 0.211909 -0.00112125 
0.077898 0.207653 -0.0028385 0.0 0.0 0.0 
0.13564 0.47642 -0.0028385 0.086266 0.1300175 1.25011e-18 
0.0528573 0.453271 -0.0028385 0.0 0.0 0.0 
0.119678 0.50801 -0.0028385 0.0 0.0 0.0 
0.0849689 0.45134 -0.0028385 0.0 0.0 0.0 
0.118037 0.449202 -0.0028385 0.076422 0.1080535 8.3707e-19 
0.132612 0.173546 -0.0028385 0.0914965 0.157929 -0.00112125 
0.175829 0.325967 -0.0028385 0.0 0.0 0.0 
0.295829 0.0900026 -0.0028385 0.173582 0.1043835 -0.00112125 
0.373667 0.353007 -0.0028385 0.1670135 0.095085 9.37955e-20 
0.193488 0.355308 -0.0028385 0.0 0.0 0.0 
0.202797 0.475567 -0.0028385 0.11649 0.1510065 -1.0054e-19 
0.198055 0.415765 -0.0028385 0.0943865 0.0823115 -1.72075e-19 
0.147477 0.390429 -0.0028385 0.0 0.0 0.0 
0.162353 0.359897 -0.0028385 0.0 0.0 0.0 
0.0568766 0.515203 -0.0028385 0.0 0.0 0.0 
0.0670775 0.421983 -0.0028385 0.0 0.0 0.0 
0.165737 0.527099 -0.0028385 0.114271 0.1611935 -1.769455e-15 
0.317959 0.447701 -0.0028385 0.0 0.0 0.0 
0.376 0.22012 -0.0028385 0.17102 0.197612 -0.00112125 
0.147918 0.202588 -0.0028385 0.1194245 0.1975215 -0.00112125 
0.0824614 0.270218 -0.0028385 0.0 0.0 0.0 
0.0607944 0.179943 -0.0028385 0.0 0.0 0.0 
0.0946694 0.233465 -0.0028385 0.0 0.0 0.0 
0.37191 0.131905 -0.0028385 0.0 0.0 0.0 
0.391215 0.104514 -0.0028385 0.0 0.0 0.0 
0.399906 0.335988 -0.0028385 0.0 0.0 0.0 
0.380271 0.0709316 -0.0028385 0.0 0.0 0.0 
0.146773 0.0150236 -0.0028385 0.0954555 0.0451667 -0.00112125 
0.200857 -0.010235 -0.0028385 0.1192885 0.02629915 -0.00112125 
0.359309 0.00383956 -0.0028385 0.1710175 0.056537 -0.00112125 
0.221127 0.0537865 -0.0028385 0.1201365 0.0733025 -0.00112125 
0.400925 0.0439402 -0.0028385 0.0 0.0 0.0 
0.412525 -0.0162218 -0.0028385 0.0 0.0 0.0 
0.324802 -0.157163 -0.0028385 0.118015 0.0593125 3.333035e-20 
0.446526 -0.192414 -0.0028385 0.4232775 -0.12076555 -0.0011212499999999999 
0.0670158 -0.545453 -0.0028385 0.0 0.0 0.0 
0.190178 -0.249736 -0.0028385 0.088945 -0.151394 -0.00112125 
0.237867 -0.071042 -0.0028385 0.1395065 -0.002449865 -0.00112125 
0.121462 -0.0500964 -0.0028385 0.0 0.0 0.0 
0.270186 -0.132275 -0.0028385 0.0934415 0.069303 1.008615e-17 
0.419066 -0.0775355 -0.0028385 0.1905235 -0.00130399 -0.00112125 
0.458672 -0.160174 -0.0028385 0.4198805 -0.0687002 -0.001121250000000001 
0.433629 -0.225953 -0.0028385 0.2333445 -0.130552 -0.00112125 
0.392057 -0.29138 -0.0028385 0.39527100000000004 -0.2735785 -0.0011212499999999999 
0.401152 -0.231165 -0.0028385 0.185541 -0.04977445 -4.34337e-20 
0.43125 -0.0432155 -0.0028385 0.1880775 0.02567995 -0.00112125 
0.54501 0.0675873 -0.0028385 0.0 0.0 0.0 
0.316743 0.0607462 -0.0028385 0.1737865 0.086668 -0.00112125 
0.304093 -0.129963 -0.0028385 0.1344775 -0.04780365 -0.00112125 
0.201522 -0.132945 -0.0028385 0.169798 -0.020945 -0.0011212499999999996 
0.0732624 -0.277324 -0.0028385 0.0379328 -0.1580035 -0.00112125 
0.169338 -0.0122904 -0.0028385 0.101801 0.0278293 -0.00112125 
0.107502 -0.277272 -0.0028385 0.069417 -0.1632985 -0.00112125 
0.262653 -0.381481 -0.0028385 0.1214125 -0.2022885 -0.00112125 
0.109181 -0.446655 -0.0028385 0.0 0.0 0.0 
0.234121 -0.431255 -0.0028385 0.179894 -0.36026349999999996 -0.0011212500000000005 
0.0587793 -0.308837 -0.0028385 0.0312672 -0.1691905 -0.00112125 
-0.0479822 -0.31082 -0.0028385 0.0 0.0 0.0 
-0.0783059 -0.488792 -0.0028385 0.0 0.0 0.0 
-0.13317 -0.346943 -0.0028385 0.0 0.0 0.0 
-0.0829785 -0.300511 -0.0028385 0.0 0.0 0.0 
-0.116227 -0.288259 -0.0028385 -0.141984 -0.215324 -0.00112125 
-0.0506593 -0.0823873 -0.0028385 -0.0320608 -0.0518325 -0.00112125 
-0.139789 -0.108876 -0.0028385 -0.063687 -0.0596985 -5.2431e-21 
-0.186986 -0.189822 -0.0028385 -0.1742335 -0.1578225 -0.00112125 
-0.47333 -0.111661 -0.0028385 -0.2572225 -0.132427 -0.00112125 
-0.214632 -0.238805 -0.0028385 -0.276795 -0.281863 -0.00112125 
-0.255841 -0.316351 -0.0028385 -0.190805 -0.2009125 -0.00112125 
-0.157374 -0.402137 -0.0028385 0.0 0.0 0.0 
-0.178735 -0.490552 -0.0028385 0.0 0.0 0.0 
-0.213077 -0.475912 -0.0028385 -0.0718305 -0.152146 1.64579e-18 
-0.195744 -0.322794 -0.0028385 0.0 0.0 0.0 
-0.50497 -0.230589 -0.0028385 0.0 0.0 0.0 
-0.323447 -0.205874 -0.0028385 -0.1079965 -0.094746 4.294325e-17 
0.037763 -0.167343 -0.0028385 0.0 0.0 0.0 
-0.0235069 -0.160622 -0.0028385 0.0 0.0 0.0 
0.0508613 -0.141299 -0.0028385 0.0093057 -0.0627215 -0.00112125 
-0.109424 -0.0894933 -0.0028385 -0.04692605 -0.04442335 5.15595e-21 
-0.249316 -0.185261 -0.0028385 -0.0996335 -0.0920545 -1.499935e-19 
-0.317951 -0.0923676 -0.0028385 -0.199382 -0.111456 -0.00112125 
-0.403536 0.0184922 -0.0028385 0.0 0.0 0.0 
-0.142162 0.0328777 -0.0028385 -0.16103699999999999 0.00689275 -0.00112125 
-0.111356 -0.05469 -0.0028385 -0.04150935 -0.0247466 -4.511425e-20 
-0.0602276 0.024516 -0.0028385 -0.03048445 0.01454795 -0.00112125 
-0.353025 -0.0278622 -0.0028385 0.0 0.0 0.0 
-0.271823 -0.00515357 -0.0028385 0.0 0.0 0.0 
-0.467052 0.00938728 -0.0028385 -0.165666 0.0228003 1.405975e-18 
-0.520423 -0.0168771 -0.0028385 0.0 0.0 0.0 
-0.508765 0.217287 -0.0028385 0.0 0.0 0.0 
-0.476352 0.100479 -0.0028385 -0.168838 0.051121 -8.1858e-19 
-0.296493 0.228158 -0.0028385 -0.3022655 0.190722 -0.00112125 
-0.349495 0.176255 -0.0028385 -0.343734 0.088905 -0.0011212499999999996 
0.0288391 0.240586 -0.0028385 0.081794 0.169908 -0.00112125 
-0.0757461 0.242044 -0.0028385 0.0 0.0 0.0 
-0.213513 0.0891642 -0.0028385 0.0 0.0 0.0 
-0.242465 0.110948 -0.0028385 0.0 0.0 0.0 
-0.403696 0.374082 -0.0028385 0.0 0.0 0.0 
-0.328841 0.410198 -0.0028385 -0.1719805 0.1872835 -0.00112125 
0.0476407 0.270037 -0.0028385 0.0 0.0 0.0 
-0.158809 0.460976 -0.0028385 0.0 0.0 0.0 
0.0130837 0.269532 -0.0028385 0.089442 0.1816845 -0.00112125 
-0.00199119 0.298467 -0.0028385 0.0 0.0 0.0 
-0.0814345 0.394726 -0.0028385 0.0 0.0 0.0 
-0.100826 0.263637 -0.0028385 0.0263889 0.1465935 -0.00112125 
-0.455084 0.245383 -0.0028385 0.0 0.0 0.0 
-0.263983 0.219101 -0.0028385 -0.262479 0.1561495 -0.0011212500000000007 
-0.44278 0.108331 -0.0028385 -0.1602105 0.0450677 1.23158e-18 
-0.317671 0.179464 -0.0028385 -0.305324 0.09180915 -0.0011212500000000007 
-0.145484 0.189682 -0.0028385 -0.0597028 0.156914 -0.0011212499999999992 
-0.0880446 0.286112 -0.0028385 0.0318288 0.1561205 -0.00112125 
-0.126171 0.292091 -0.0028385 -0.0072409 0.1664 -0.00112125 
0.0315172 0.36227 -0.0028385 0.0 0.0 0.0 
-0.1892 0.411001 -0.0028385 -0.0247049 0.1899905 -0.00112125 
-0.0945488 0.511773 -0.0028385 0.0 0.0 0.0 
-0.0215599 0.152122 -0.0028385 0.04321745 0.1087005 -0.00112125 
-0.0399791 0.0801486 -0.0028385 0.01499725 0.0744115 -0.00112125 
-0.427158 0.0465225 -0.0028385 -0.1503455 0.0304032 2.283355e-19 
-0.458931 0.0422308 -0.0028385 -0.4177945 -0.046704999999999997 -0.001121250000000001 
-0.226404 0.327784 -0.0028385 0.0 0.0 0.0 
-0.199075 0.344256 -0.0028385 0.0 0.0 0.0 
0.310783 0.414439 -0.0028385 0.0 0.0 0.0 
0.290922 0.296598 -0.0028385 0.0 0.0 0.0 
0.285293 0.432812 -0.0028385 0.1371725 0.138876 -1.21864e-19 
0.233573 0.471259 -0.0028385 0.0 0.0 0.0 
0.469377 0.294623 -0.0028385 0.0 0.0 0.0 
0.239994 0.267413 -0.0028385 0.0 0.0 0.0 
0.450506 0.266218 -0.0028385 0.0 0.0 0.0 
0.364649 0.191188 -0.0028385 0.1714685 0.1753225 -0.00112125 
0.279296 0.208371 -0.0028385 0.0 0.0 0.0 
0.410333 0.267804 -0.0028385 0.0 0.0 0.0 
0.352051 0.261701 -0.0028385 0.0 0.0 0.0 
0.431545 0.242117 -0.0028385 0.1891465 0.2014195 -0.00112125 
0.495227 0.2373 -0.0028385 0.0 0.0 0.0 
0.502986 0.148544 -0.0028385 0.2202695 0.1357405 -0.00112125 
0.536381 0.128571 -0.0028385 0.184122 0.0868315 -1.36149e-18 
0.50943 0.111884 -0.0028385 0.0 0.0 0.0 
0.541598 0.0985344 -0.0028385 0.46185299999999996 0.18920199999999998 -0.0011212499999999977 
0.487324 0.030139 -0.0028385 0.210463 0.089888 -0.00112125 
0.550128 0.00972484 -0.0028385 0.3058385 0.0455843 -0.00112125 
0.514555 0.080032 -0.0028385 0.2285655 0.106253 -0.00112125 
0.231369 0.0855196 -0.0028385 0.126015 0.0930165 -0.00112125 
0.463214 0.0577185 -0.0028385 0.0 0.0 0.0 
0.263609 0.0873462 -0.0028385 0.1505965 0.0989475 -0.00112125 
0.479087 0.0910013 -0.0028385 0.0 0.0 0.0 
0.422607 0.110879 -0.0028385 0.0 0.0 0.0 
0.482432 0.123956 -0.0028385 0.0 0.0 0.0 
0.450628 0.179042 -0.0028385 0.1951465 0.1585895 -0.00112125 
0.167697 0.0784584 -0.0028385 0.100109 0.0896835 -0.00112125 
0.0932582 0.122159 -0.0028385 0.062623 0.1154325 -0.00112125 
0.0795841 0.0917493 -0.0028385 0.0526935 0.0979055 -0.00112125 
0.134603 0.0716201 -0.0028385 0.0923925 0.084933 -0.00112125 
0.122626 0.0407566 -0.0028385 0.0889075 0.064439 -0.00112125 
0.0552676 0.00505366 -0.0028385 0.0422268 0.022095 -0.00112125 
-0.00107134 -0.00173955 -0.0028385 0.01601905 0.00728415 -0.00112125 
0.0253812 0.0200405 -0.0028385 0.03221815 0.0450161 -0.00112125 
0.0273502 0.0571207 -0.0028385 0.0 0.0 0.0 
0.0457937 0.0885576 -0.0028385 0.0 0.0 0.0 
0.0285185 0.120724 -0.0028385 0.0 0.0 0.0 
0.044471 0.150651 -0.0028385 0.0 0.0 0.0 
0.0276665 0.181907 -0.0028385 0.0 0.0 0.0 
0.113572 0.203942 -0.0028385 0.0934625 0.180034 -0.00112125 
0.0211663 0.456179 -0.0028385 0.0 0.0 0.0 
0.11175 0.256639 -0.0028385 0.0 0.0 0.0 
0.120047 0.283246 -0.0028385 0.0 0.0 0.0 
0.187074 0.446798 -0.0028385 0.0 0.0 0.0 
0.226558 0.236585 -0.0028385 0.0 0.0 0.0 
0.194351 0.23536 -0.0028385 0.0 0.0 0.0 
0.180723 0.203853 -0.0028385 0.0 0.0 0.0 
0.222102 0.44155 -0.0028385 0.1099925 0.1139965 1.46507e-19 
0.129348 0.362446 -0.0028385 0.0 0.0 0.0 
0.114 0.391837 -0.0028385 0.0 0.0 0.0 
0.00607554 0.486048 -0.0028385 0.0 0.0 0.0 
0.00122509 0.36051 -0.0028385 0.0471046 0.0885575 -3.58769e-18 
0.127998 0.31004 -0.0028385 0.0 0.0 0.0 
0.0158665 0.329985 -0.0028385 0.0 0.0 0.0 
0.0122987 0.393858 -0.0028385 0.04530055 0.099736 -4.257455e-18 
0.0387963 0.485309 -0.0028385 0.0 0.0 0.0 
0.0885565 0.51289 -0.0028385 0.04691265 0.152669 -8.1037e-20 
0.189848 0.511253 -0.0028385 0.0 0.0 0.0 
0.133069 0.420349 -0.0028385 0.0 0.0 0.0 
0.145764 0.332958 -0.0028385 0.0 0.0 0.0 
0.226286 0.354582 -0.0028385 0.0 0.0 0.0 
0.180396 0.387592 -0.0028385 0.0 0.0 0.0 
0.106255 0.542993 -0.0028385 0.0 0.0 0.0 
0.0427159 0.547411 -0.0028385 0.0 0.0 0.0 
0.135951 0.535261 -0.0028385 0.084188 0.153926 -6.64325e-19 
0.0790366 0.332201 -0.0028385 0.0 0.0 0.0 
0.111857 0.151264 -0.0028385 0.0756675 0.1316105 -0.00112125 
0.0953044 0.178688 -0.0028385 0.0747845 0.1482555 -0.00112125 
0.151944 0.141856 -0.0028385 0.096728 0.128653 -0.00112125 
0.0534356 0.0353565 -0.0028385 0.0 0.0 0.0 
0.0836957 -0.00367677 -0.0028385 0.0579925 0.0163124 -0.00112125 
0.099363 0.0635451 -0.0028385 0.067944 0.0835615 -0.00112125 
0.146697 0.104038 -0.0028385 0.0951245 0.101195 -0.00112125 
0.179336 0.0191167 -0.0028385 0.103251 0.04933435 -0.00112125 
0.211219 0.0216987 -0.0028385 0.119039 0.04694605 -0.00112125 
0.209321 0.115106 -0.0028385 0.1220205 0.1173575 -0.00112125 
0.207964 0.266266 -0.0028385 0.0 0.0 0.0 
0.224187 0.296146 -0.0028385 0.0 0.0 0.0 
0.199948 0.174763 -0.0028385 0.0 0.0 0.0 
0.162582 0.233664 -0.0028385 0.0 0.0 0.0 
0.352231 0.159255 -0.0028385 0.0 0.0 0.0 
0.300235 0.182114 -0.0028385 0.1561045 0.188737 -0.00112125 
0.287244 0.15052 -0.0028385 0.1629145 0.1676695 -0.00112125 
0.337844 0.0319026 -0.0028385 0.1719595 0.071297 -0.00112125 
0.30618 0.0280312 -0.0028385 0.0 0.0 0.0 
0.274508 0.0254523 -0.0028385 0.0 0.0 0.0 
0.327469 -0.00114649 -0.0028385 0.1565825 0.04909115 -0.00112125 
0.41218 0.0777013 -0.0028385 0.0 0.0 0.0 
0.513893 0.00904374 -0.0028385 0.257536 0.051937 -0.00112125 
0.492699 0.0609986 -0.0028385 0.172671 0.0812525 1.835955e-17 
0.444804 0.0845416 -0.0028385 0.0 0.0 0.0 
0.467558 0.151287 -0.0028385 0.0 0.0 0.0 
0.404025 0.138384 -0.0028385 0.0 0.0 0.0 
0.359609 0.098398 -0.0028385 0.0 0.0 0.0 
0.349841 0.297745 -0.0028385 0.0 0.0 0.0 
0.258478 0.297943 -0.0028385 0.0 0.0 0.0 
0.299962 0.26658 -0.0028385 0.144644 0.2145935 -0.00112125 
0.317006 0.314201 -0.0028385 0.0 0.0 0.0 
0.333264 0.188403 -0.0028385 0.1645225 0.18402 -0.00112125 
0.346549 0.223849 -0.0028385 0.161983 0.202779 -0.00112125 
0.448037 0.318757 -0.0028385 0.0 0.0 0.0 
0.309492 0.345108 -0.0028385 0.0 0.0 0.0 
0.255056 0.419148 -0.0028385 0.0 0.0 0.0 
0.309652 0.380323 -0.0028385 0.0 0.0 0.0 
0.282219 0.364581 -0.0028385 0.0 0.0 0.0 
0.337545 0.397739 -0.0028385 0.149543 0.1107105 -1.889635e-21 
0.34482 0.331766 -0.0028385 0.0 0.0 0.0 
0.429997 0.341615 -0.0028385 0.0 0.0 0.0 
0.29318 0.464806 -0.0028385 0.0 0.0 0.0 
0.343164 0.43026 -0.0028385 0.170047 0.1483685 1.16124e-19 
0.409507 0.366319 -0.0028385 0.0 0.0 0.0 
0.434268 0.290544 -0.0028385 0.0 0.0 0.0 
0.375104 0.317408 -0.0028385 0.0 0.0 0.0 
0.323763 0.246067 -0.0028385 0.155297 0.209944 -0.00112125 
0.256821 0.350971 -0.0028385 0.1395045 0.2200095 -0.00112125 
0.270627 0.267699 -0.0028385 0.0 0.0 0.0 
0.242498 0.324246 -0.0028385 0.0 0.0 0.0 
0.280287 0.397952 -0.0028385 0.0 0.0 0.0 
0.257648 0.450692 -0.0028385 0.0 0.0 0.0 
0.249227 0.383006 -0.0028385 0.0 0.0 0.0 
0.246606 0.497807 -0.0028385 0.0 0.0 0.0 
0.166038 0.418687 -0.0028385 0.0 0.0 0.0 
0.228101 0.409194 -0.0028385 0.0 0.0 0.0 
0.212707 0.38296 -0.0028385 0.0 0.0 0.0 
0.0473447 0.330945 -0.0028385 0.0 0.0 0.0 
0.0466422 0.392178 -0.0028385 0.0605065 0.0942555 -5.91405e-20 
0.0745552 0.545358 -0.0028385 0.0 0.0 0.0 
0.00705115 0.427396 -0.0028385 0.04351795 0.126781 7.3663e-19 
0.0110004 0.549709 -0.0028385 0.0 0.0 0.0 
0.0251607 0.516751 -0.0028385 0.0 0.0 0.0 
0.0308787 0.299694 -0.0028385 0.0 0.0 0.0 
0.063382 0.362066 -0.0028385 0.0770635 0.078319 -4.099355e-19 
0.0957796 0.363318 -0.0028385 0.0 0.0 0.0 
0.0801409 0.392125 -0.0028385 0.0 0.0 0.0 
0.102641 0.479955 -0.0028385 0.0617995 0.134187 -7.19935e-20 
0.152146 0.502567 -0.0028385 0.0947465 0.142058 -9.69515e-19 
0.153005 0.448874 -0.0028385 0.0 0.0 0.0 
0.0995175 0.420983 -0.0028385 0.0 0.0 0.0 
0.0635247 0.300235 -0.0028385 0.0801265 0.071927 7.80585e-18 
0.0359467 0.422969 -0.0028385 0.0 0.0 0.0 
0.0707134 0.483044 -0.0028385 0.0 0.0 0.0 
0.110894 0.335082 -0.0028385 0.0 0.0 0.0 
0.0630693 0.240422 -0.0028385 0.0922085 0.183312 -0.00112125 
0.0951519 0.302975 -0.0028385 0.0 0.0 0.0 
0.156669 0.295905 -0.0028385 0.0 0.0 0.0 
0.175957 0.265769 -0.0028385 0.0 0.0 0.0 
0.208871 0.325487 -0.0028385 0.0 0.0 0.0 
0.171496 0.478284 -0.0028385 0.0 0.0 0.0 
0.337619 0.362419 -0.0028385 0.0 0.0 0.0 
0.391725 0.389884 -0.0028385 0.188082 0.126954 2.672305e-18 
0.362906 0.380924 -0.0028385 0.0 0.0 0.0 
0.280134 0.3274 -0.0028385 0.0 0.0 0.0 
0.369716 0.412756 -0.0028385 0.0 0.0 0.0 
0.218074 0.505351 -0.0028385 0.0 0.0 0.0 
0.269693 0.481519 -0.0028385 0.0 0.0 0.0 
0.380937 0.284348 -0.0028385 0.0 0.0 0.0 
0.409154 0.306354 -0.0028385 0.0 0.0 0.0 
0.380289 0.250791 -0.0028385 0.0 0.0 0.0 
0.483543 0.266107 -0.0028385 0.0 0.0 0.0 
0.461995 0.23587 -0.0028385 0.0 0.0 0.0 
0.290635 0.237784 -0.0028385 0.0 0.0 0.0 
0.258583 0.237301 -0.0028385 0.0 0.0 0.0 
0.434053 0.207918 -0.0028385 0.1939985 0.181752 -0.00112125 
0.518952 0.18271 -0.0028385 0.420859 0.26599249999999997 -0.0011212500000000007 
0.470832 0.207113 -0.0028385 0.38992950000000004 0.2758935 -0.0011212500000000016 
0.50643 0.20978 -0.0028385 0.0 0.0 0.0 
0.486269 0.17891 -0.0028385 0.209998 0.172697 -0.00112125 
0.418603 0.172281 -0.0028385 0.186279 0.148201 -0.00112125 
0.369476 0.0372547 -0.0028385 0.1833945 0.0843725 -0.00112125 
0.5196 0.0426126 -0.0028385 0.2547995 0.081338 -0.00112125 
0.391142 0.0102228 -0.0028385 0.0 0.0 0.0 
0.549999 0.0376838 -0.0028385 0.303866 0.076788 -0.00112125 
0.532654 0.156723 -0.0028385 0.2659985 0.1420815 -0.00112125 
0.453605 0.116637 -0.0028385 0.0 0.0 0.0 
0.432275 0.0510353 -0.0028385 0.0 0.0 0.0 
0.266584 0.178219 -0.0028385 0.150862 0.1912035 -0.00112125 
0.246266 0.206992 -0.0028385 0.0 0.0 0.0 
0.213465 0.205738 -0.0028385 0.0 0.0 0.0 
0.0120613 0.152773 -0.0028385 0.0 0.0 0.0 
0.0106448 0.211519 -0.0028385 0.0 0.0 0.0 
0.176575 0.11278 -0.0028385 0.1001835 0.1048485 -0.00112125 
0.0654862 0.0621977 -0.0028385 0.0455271 0.08351 -0.00112125 
0.220403 0.145949 -0.0028385 0.1364245 0.155973 -0.00112125 
0.0448574 0.211042 -0.0028385 0.0 0.0 0.0 
0.233293 0.176535 -0.0028385 0.144566 0.1951355 -0.00112125 
0.253882 0.147654 -0.0028385 0.146895 0.1685255 -0.00112125 
0.313443 0.213874 -0.0028385 0.1533055 0.200033 -0.00112125 
0.284912 0.057721 -0.0028385 0.1624225 0.0736205 -0.00112125 
0.29566 -0.0045832 -0.0028385 0.0 0.0 0.0 
0.242831 0.0235394 -0.0028385 0.139933 0.04166735 -0.00112125 
0.24219 0.116818 -0.0028385 0.0 0.0 0.0 
0.199204 0.0835335 -0.0028385 0.1103895 0.090305 -0.00112125 
0.156698 0.0462784 -0.0028385 0.0 0.0 0.0 
0.0144278 0.090831 -0.0028385 0.0 0.0 0.0 
0.114015 0.0106594 -0.0028385 0.080585 0.0367833 -0.00112125 
0.0865198 0.0312915 -0.0028385 0.059848 0.056925 -0.00112125 
0.11273 0.0947577 -0.0028385 0.07871 0.099846 -0.00112125 
0.060629 0.119969 -0.0028385 0.0 0.0 0.0 
0.0773997 0.150514 -0.0028385 0.060767 0.1291245 -0.00112125 
0.16632 0.172671 -0.0028385 0.1191775 0.171251 -0.00112125 
0.186488 0.143936 -0.0028385 0.119273 0.1422735 -0.00112125 
0.125348 0.125088 -0.0028385 0.0836475 0.115156 -0.00112125 
0.189333 0.0509345 -0.0028385 0.1050675 0.070946 -0.00112125 
0.327809 0.0935168 -0.0028385 0.1846455 0.112263 -0.00112125 
0.252997 0.0555176 -0.0028385 0.1437575 0.068963 -0.00112125 
0.348536 0.0650804 -0.0028385 0.1870115 0.0973295 -0.00112125 
0.275049 0.118994 -0.0028385 0.159455 0.1330085 -0.00112125 
0.307683 0.122364 -0.0028385 0.181834 0.133837 -0.00112125 
0.320167 0.15498 -0.0028385 0.176893 0.1548915 -0.00112125 
0.339815 0.126429 -0.0028385 0.1874185 0.1297905 -0.00112125 
0.385185 0.165086 -0.0028385 0.0 0.0 0.0 
0.405642 0.22983 -0.0028385 0.0 0.0 0.0 
0.399659 0.19703 -0.0028385 0.17955 0.1717085 -0.00112125 
0.435923 0.144692 -0.0028385 0.0 0.0 0.0 
0.478338 -0.00110287 -0.0028385 0.2227735 0.055389 -0.00112125 
0.422882 0.0175986 -0.0028385 0.1880705 0.0865825 -0.00112125 
0.454922 0.0247694 -0.0028385 0.0 0.0 0.0 
0.444876 -0.00831364 -0.0028385 0.1918195 0.058554 -0.00112125 
0.494409 -0.0276548 -0.0028385 0.0 0.0 0.0 
0.547864 -0.0475543 -0.0028385 0.327799 0.01879775 -0.00112125 
0.527572 -0.16454 -0.0028385 0.2962285 -0.1133805 -0.00112125 
0.5431 -0.0775073 -0.0028385 0.309675 -0.02709435 -0.00112125 
0.538437 -0.107398 -0.0028385 0.30247 -0.0752985 -0.00112125 
0.294416 -0.194706 -0.0028385 0.2240835 -0.08150109999999999 -0.0011212500000000003 
0.412533 -0.198222 -0.0028385 0.2229835 -0.108569 -0.00112125 
0.322986 -0.18875 -0.0028385 0.0 0.0 0.0 
0.385873 -0.0847005 -0.0028385 0.175789 -0.000706155 -0.00112125 
0.205813 -0.0721157 -0.0028385 0.11694 -0.01547705 -0.00112125 
0.352498 -0.0914106 -0.0028385 0.0 0.0 0.0 
0.373209 -0.117452 -0.0028385 0.29764250000000003 0.044588899999999994 -0.0011212500000001156 
0.174094 -0.0727012 -0.0028385 0.078335 0.068355 9.83305e-18 
0.155104 -0.102256 -0.0028385 0.059512 0.0427371 -1.68856e-19 
0.132249 -0.128286 -0.0028385 0.0445455 0.02229265 -4.33321e-16 
0.0742203 -0.16364 -0.0028385 0.0250818 -0.078535 -0.00112125 
0.00579369 -0.163607 -0.0028385 0.0 0.0 0.0 
0.102677 -0.114658 -0.0028385 0.04245285 -0.0624615 -0.00112125 
0.0735803 -0.0961116 -0.0028385 0.02494995 -0.048621 -0.00112125 
0.0594907 -0.0283803 -0.0028385 0.0380359 -0.01512175 -0.00112125 
0.0649509 -0.0632212 -0.0028385 0.0306172 -0.03370625 -0.00112125 
0.0792138 -0.130971 -0.0028385 0.0 0.0 0.0 
0.0925506 -0.188821 -0.0028385 0.0697851 -0.12141655 -0.0011212499999999999 
0.187935 -0.103032 -0.0028385 0.174898 0.019223749999999998 -0.0011212500000000005 
0.123532 -0.0937122 -0.0028385 0.06108 -0.04829095 -0.00112125 
0.0983927 -0.0748859 -0.0028385 0.03542115 -0.031472 -0.00112125 
0.263962 -0.00681762 -0.0028385 0.0 0.0 0.0 
0.180653 -0.161514 -0.0028385 0.0 0.0 0.0 
0.166965 -0.132161 -0.0028385 0.0 0.0 0.0 
0.0566966 -0.192945 -0.0028385 0.00365422 -0.101693 -0.00112125 
0.155769 -0.0430444 -0.0028385 0.093408 0.0062855 -0.00112125 
0.142748 -0.0716992 -0.0028385 0.0817615 -0.01831675 -0.00112125 
0.108933 -0.0206346 -0.0028385 0.0682775 0.00693375 -0.00112125 
0.108075 -0.153899 -0.0028385 0.0647345 -0.07792 -0.00112125 
0.160167 -0.189338 -0.0028385 0.0 0.0 0.0 
0.230319 -0.192349 -0.0028385 0.15780650000000002 -0.10623739 -0.0011212499999999983 
0.263634 -0.192705 -0.0028385 0.0688405 0.01087825 1.15044e-19 
0.216334 -0.162519 -0.0028385 0.160468 -0.06530805 -0.0011212500000000003 
0.251959 -0.162328 -0.0028385 0.075934 0.0406061 1.20975e-18 
0.270053 -0.0696058 -0.0028385 0.0 0.0 0.0 
0.451615 -0.070015 -0.0028385 0.2049355 -0.00434872 -0.00112125 
0.442513 -0.103302 -0.0028385 0.38014250000000005 0.0210201 -0.0011212500000000029 
0.462868 -0.0354412 -0.0028385 0.211245 0.02889985 -0.00112125 
0.475987 -0.0958094 -0.0028385 0.4148895 0.009033149999999997 -0.0011212500000000053 
0.36691 -0.0575265 -0.0028385 0.1607405 0.0150412 -0.00112125 
0.33454 -0.0631247 -0.0028385 0.0 0.0 0.0 
0.408121 -0.110234 -0.0028385 0.3477305 0.04066575 -0.001121250000000002 
0.43307 -0.135003 -0.0028385 0.39066 -0.02379555 -0.0011212499999999842 
0.514626 -0.190879 -0.0028385 0.0 0.0 0.0 
0.468688 -0.128641 -0.0028385 0.4240165 -0.026422949999999994 -0.0011212500000000276 
0.495457 -0.154096 -0.0028385 0.271715 -0.09886 -0.00112125 
0.379024 -0.204035 -0.0028385 0.1657215 -0.01248635 1.05173e-20 
0.361303 -0.149162 -0.0028385 0.1403095 0.0640145 -3.98521e-18 
0.200724 -0.371844 -0.0028385 0.12002285000000001 -0.3008545 -0.0011212500000000003 
0.293434 -0.429368 -0.0028385 0.1483705 -0.1557665 4.90383e-19 
0.324237 -0.407034 -0.0028385 0.0 0.0 0.0 
0.339508 -0.250244 -0.0028385 0.0 0.0 0.0 
0.29347 -0.394583 -0.0028385 0.29023350000000003 -0.3572835 -0.0011212499999999994 
0.262901 -0.414431 -0.0028385 0.256096 -0.3600605 -0.0011212500000000007 
0.161463 -0.525486 -0.0028385 0.0 0.0 0.0 
0.292857 -0.46618 -0.0028385 0.0 0.0 0.0 
0.170296 -0.460387 -0.0028385 0.02902005 -0.151552 -8.1535e-19 
0.263439 -0.450149 -0.0028385 0.0 0.0 0.0 
0.322075 -0.445185 -0.0028385 0.0 0.0 0.0 
0.195021 -0.513953 -0.0028385 0.0 0.0 0.0 
0.164392 -0.493003 -0.0028385 0.0 0.0 0.0 
0.0914075 -0.514286 -0.0028385 -0.0559555 -0.1505065 -1.57052e-18 
0.0706854 -0.365346 -0.0028385 0.0 0.0 0.0 
0.0677113 -0.489112 -0.0028385 0.0 0.0 0.0 
0.0351911 -0.372667 -0.0028385 0.0 0.0 0.0 
8.74847e-06 -0.385811 -0.0028385 0.0 0.0 0.0 
0.0597471 -0.398241 -0.0028385 0.0 0.0 0.0 
0.0271401 -0.404407 -0.0028385 0.0 0.0 0.0 
0.0940308 -0.38834 -0.0028385 0.0 0.0 0.0 
0.0151508 -0.346804 -0.0028385 0.0 0.0 0.0 
0.0483337 -0.340253 -0.0028385 0.0 0.0 0.0 
0.115936 -0.413432 -0.0028385 0.0 0.0 0.0 
0.127769 -0.379249 -0.0028385 0.0 0.0 0.0 
0.101913 -0.48052 -0.0028385 -0.0411003 -0.1378945 -2.02454e-18 
0.0999794 -0.544716 -0.0028385 -0.0480128 -0.1580405 3.01771e-18 
0.199488 -0.480796 -0.0028385 0.0491408 -0.156344 8.68065e-19 
0.180047 -0.395758 -0.0028385 0.0 0.0 0.0 
0.148696 -0.40461 -0.0028385 -0.0255394 -0.117181 -8.8925e-19 
0.106649 -0.353986 -0.0028385 0.0619255 -0.194746 -0.00112125 
0.0830804 -0.333582 -0.0028385 0.04179965 -0.1844345 -0.00112125 
0.136145 -0.470864 -0.0028385 -0.01636065 -0.1304825 -1.031805e-18 
0.129768 -0.536413 -0.0028385 0.0 0.0 0.0 
0.0564169 -0.249556 -0.0028385 0.01234625 -0.142167 -0.00112125 
0.0740347 -0.219452 -0.0028385 0.02475015 -0.122935 -0.00112125 
0.0908908 -0.247713 -0.0028385 0.0512145 -0.1499855 -0.00112125 
0.175364 -0.220186 -0.0028385 0.0 0.0 0.0 
0.225539 -0.249108 -0.0028385 0.0 0.0 0.0 
0.142286 -0.437693 -0.0028385 0.0 0.0 0.0 
0.203553 -0.446936 -0.0028385 0.0 0.0 0.0 
0.285487 -0.281094 -0.0028385 0.0903105 -0.063954 2.02487e-19 
0.322989 -0.37244 -0.0028385 0.165784 -0.150599 -3.12108e-20 
0.292064 -0.360353 -0.0028385 0.1372025 -0.1411195 1.425675e-19 
0.301095 -0.252452 -0.0028385 0.2360295 -0.17971995000000002 -0.0011212499999999996 
0.314678 -0.223404 -0.0028385 0.1265195 -0.00948485 6.9568e-19 
0.238954 -0.276587 -0.0028385 0.0 0.0 0.0 
0.279856 -0.224955 -0.0028385 0.0672225 -0.0174957 6.2378e-19 
0.345337 -0.213664 -0.0028385 0.0 0.0 0.0 
0.367923 -0.234886 -0.0028385 0.345219 -0.18430629999999998 -0.00112125 
0.490025 -0.249264 -0.0028385 0.268858 -0.1443625 -0.00112125 
0.477726 -0.280177 -0.0028385 0.0 0.0 0.0 
0.349648 -0.42516 -0.0028385 0.1645135 -0.2146185 -0.00112125 
0.322862 -0.278477 -0.0028385 0.140505 -0.0800885 -2.032645e-18 
0.458406 -0.308026 -0.0028385 0.0 0.0 0.0 
0.415808 -0.35871 -0.0028385 0.0 0.0 0.0 
0.305814 -0.305475 -0.0028385 0.149006 -0.169451 -0.00112125 
0.281044 -0.323968 -0.0028385 0.23776 -0.274502 -0.00112125 
0.246218 -0.223235 -0.0028385 0.0 0.0 0.0 
0.259739 -0.298632 -0.0028385 0.1001835 -0.1538845 -0.00112125 
0.263154 -0.350166 -0.0028385 0.0944565 -0.1186165 1.919955e-19 
0.347228 -0.346665 -0.0028385 0.3554785 -0.334145 -0.00112125 
0.243505 -0.327573 -0.0028385 0.060726 -0.087132 2.301945e-20 
0.263542 -0.254994 -0.0028385 0.0 0.0 0.0 
0.444733 -0.2781 -0.0028385 0.0 0.0 0.0 
0.455421 -0.249603 -0.0028385 0.241464 -0.1610685 -0.00112125 
0.436734 -0.333046 -0.0028385 0.0 0.0 0.0 
0.375654 -0.407775 -0.0028385 0.1850405 -0.1591575 4.4196e-20 
0.394871 -0.383572 -0.0028385 0.0 0.0 0.0 
0.314861 -0.337418 -0.0028385 0.3099155 -0.319711 -0.00112125 
0.232703 -0.46693 -0.0028385 0.0 0.0 0.0 
0.232715 -0.361519 -0.0028385 0.0570595 -0.112864 -2.518e-20 
0.262381 -0.487084 -0.0028385 0.2589175 -0.3761705 -0.0011212499999999994 
0.355041 -0.383024 -0.0028385 0.1829175 -0.203786 -0.00112125 
0.379293 -0.35393 -0.0028385 0.0 0.0 0.0 
0.417135 -0.261388 -0.0028385 0.0 0.0 0.0 
0.357103 -0.282613 -0.0028385 0.165549 -0.0803095 4.195455e-20 
0.36975 -0.318153 -0.0028385 0.1957845 -0.190894 -0.00112125 
0.381786 -0.261036 -0.0028385 0.0 0.0 0.0 
0.338117 -0.31145 -0.0028385 0.33134949999999996 -0.2899975 -0.00112125 
0.401906 -0.326862 -0.0028385 0.182294 -0.127887 -1.87553e-19 
0.422935 -0.300219 -0.0028385 0.414056 -0.2808035 -0.001121250000000001 
0.534267 -0.137026 -0.0028385 0.2988015 -0.0967905 -0.00112125 
0.481712 -0.186483 -0.0028385 0.264712 -0.1121025 -0.00112125 
0.468909 -0.218598 -0.0028385 0.2571355 -0.125563 -0.00112125 
0.235795 -0.132681 -0.0028385 0.0811005 0.0586955 -6.17085e-18 
0.288577 -0.162436 -0.0028385 0.094189 0.0525385 -1.83545e-18 
0.354222 -0.180309 -0.0028385 0.2940745 -0.05333545 -0.0011212500000000005 
0.388229 -0.172486 -0.0028385 0.192692 -0.0884835 -0.00112125 
0.509062 -0.0871223 -0.0028385 0.451322 0.006037849999999997 -0.0011212500000000014 
0.302292 -0.0671882 -0.0028385 0.0 0.0 0.0 
0.348069 -0.0295593 -0.0028385 0.159007 0.03579125 -0.00112125 
0.399241 -0.0507219 -0.0028385 0.1789255 0.0263724 -0.00112125 
0.251933 -0.0390324 -0.0028385 0.0 0.0 0.0 
0.503296 -0.120493 -0.0028385 0.2688885 -0.0769205 -0.00112125 
0.554341 -0.0179603 -0.0028385 0.0 0.0 0.0 
0.515759 -0.0542224 -0.0028385 0.269157 0.01001 -0.00112125 
0.524502 -0.0205686 -0.0028385 0.0 0.0 0.0 
0.380286 -0.0234618 -0.0028385 0.176196 0.04239385 -0.00112125 
0.397315 -0.141578 -0.0028385 0.1959765 -0.0593705 -0.00112125 
0.423017 -0.166186 -0.0028385 0.39487099999999997 -0.06080675 -0.001121250000000005 
0.502808 -0.219483 -0.0028385 0.28716 -0.1231365 -0.00112125 
0.483692 -0.0620948 -0.0028385 0.40335750000000004 0.06731261499999999 -0.0011212499999999994 
0.286756 -0.100083 -0.0028385 0.0 0.0 0.0 
0.338374 -0.124772 -0.0028385 0.0 0.0 0.0 
0.253886 -0.101714 -0.0028385 0.0 0.0 0.0 
0.319544 -0.0967991 -0.0028385 0.0 0.0 0.0 
0.232354 -0.0085544 -0.0028385 0.136539 0.0244569 -0.00112125 
0.315896 -0.0341098 -0.0028385 0.1433305 0.0190997 -0.00112125 
0.283867 -0.0371498 -0.0028385 0.0 0.0 0.0 
0.220042 -0.0405207 -0.0028385 0.1325635 0.01395405 -0.00112125 
0.0882946 -0.0420078 -0.0028385 0.04964535 -0.0141522 -0.00112125 
0.18813 -0.0418266 -0.0028385 0.107067 0.0106203 -0.00112125 
0.1445 -0.158951 -0.0028385 0.0 0.0 0.0 
0.220869 -0.102523 -0.0028385 0.2037185 0.02563335 -0.001121249999999997 
0.108733 -0.218166 -0.0028385 0.0666815 -0.1256895 -0.00112125 
0.00219457 -0.223589 -0.0028385 0.0 0.0 0.0 
0.0381279 -0.22211 -0.0028385 -0.038714849999999995 -0.2066425 -0.00112125 
0.0206815 -0.194794 -0.0028385 0.0 0.0 0.0 
0.0192227 -0.135149 -0.0028385 0.0 0.0 0.0 
0.0458369 -0.112032 -0.0028385 0.0 0.0 0.0 
0.0387956 -0.0816985 -0.0028385 0.0 0.0 0.0 
0.011981 -0.103867 -0.0028385 0.0 0.0 0.0 
0.0333097 -0.0488901 -0.0028385 0.0 0.0 0.0 
0.137818 -0.0166011 -0.0028385 0.0878645 0.0184721 -0.00112125 
0.125382 -0.186539 -0.0028385 0.07558 -0.0927545 -0.00112125 
0.0285904 -0.015031 -0.0028385 0.0301706 -0.00828965 -0.00112125 
0.195177 -0.191064 -0.0028385 0.090203 -0.102047 -0.00112125 
0.00221897 -0.0367623 -0.0028385 0.01571345 -0.03157845 -0.00112125 
0.00669298 -0.0708303 -0.0028385 0.0 0.0 0.0 
0.124929 -0.24922 -0.0028385 0.0864037 -0.21720250000000002 -0.0011212500000000027 
0.204358 -0.278263 -0.0028385 0.0 0.0 0.0 
0.156495 -0.251432 -0.0028385 0.0334956 -0.04734905 -1.49845e-18 
0.21031 -0.220491 -0.0028385 0.096738 -0.1292105 -0.00112125 
0.141932 -0.218579 -0.0028385 0.0450585 -0.02980655 7.78765e-19 
0.0397564 -0.281603 -0.0028385 0.0 0.0 0.0 
0.0229226 -0.252705 -0.0028385 -0.0084419 -0.134862 -0.00112125 
0.0240414 -0.314184 -0.0028385 -0.0065875 -0.174686 -0.00112125 
0.154924 -0.314381 -0.0028385 0.002638485 -0.0871355 1.080385e-19 
0.137338 -0.284871 -0.0028385 0.0 0.0 0.0 
0.176788 -0.34265 -0.0028385 0.01821255 -0.0978875 1.55814e-17 
0.231884 -0.394648 -0.0028385 0.0980285 -0.199052 -0.00112125 
0.00399006 -0.425777 -0.0028385 0.0 0.0 0.0 
0.0133588 -0.456992 -0.0028385 0.0 0.0 0.0 
0.0117495 -0.519179 -0.0028385 0.0 0.0 0.0 
0.0286749 -0.490686 -0.0028385 0.0 0.0 0.0 
0.0319511 -0.548248 -0.0028385 0.0 0.0 0.0 
0.128462 -0.504244 -0.0028385 -0.01225605 -0.1498915 3.358175e-19 
0.229422 -0.501683 -0.0028385 0.0 0.0 0.0 
0.0504526 -0.517415 -0.0028385 0.0 0.0 0.0 
0.0455011 -0.464016 -0.0028385 0.0 0.0 0.0 
0.044412 -0.432103 -0.0028385 0.0 0.0 0.0 
0.00658779 -0.285688 -0.0028385 0.0 0.0 0.0 
0.0815664 -0.422527 -0.0028385 0.0 0.0 0.0 
0.188727 -0.310124 -0.0028385 0.0848485 -0.1666925 -0.00112125 
0.209803 -0.337474 -0.0028385 0.12529885 -0.2676185 -0.0011212500000000012 
0.140476 -0.345681 -0.0028385 -0.0359531 -0.1088055 1.83703e-19 
0.16181 -0.371101 -0.0028385 0.06869075000000001 -0.315127 -0.0011212500000000005 
0.175062 -0.427891 -0.0028385 0.0179109 -0.131309 6.14565e-21 
0.22236 -0.305148 -0.0028385 0.13699515 -0.2255455 -0.0011212499999999999 
0.206151 -0.411871 -0.0028385 0.0479841 -0.131728 -1.0549e-19 
0.170618 -0.281584 -0.0028385 0.084221 -0.157961 -0.00112125 
0.0925227 -0.303838 -0.0028385 0.0 0.0 0.0 
0.120043 -0.31835 -0.0028385 0.0 0.0 0.0 
0.0762294 -0.454781 -0.0028385 -0.050527 -0.128081 -1.927885e-18 
-0.102515 -0.540276 -0.0028385 0.0 0.0 0.0 
-0.0351297 -0.379298 -0.0028385 0.0 0.0 0.0 
-0.0679019 -0.367476 -0.0028385 0.0 0.0 0.0 
-0.193977 -0.355123 -0.0028385 -0.066278 -0.128492 -1.01679e-18 
-0.149689 -0.468584 -0.0028385 0.0 0.0 0.0 
-0.12354 -0.413717 -0.0028385 0.0 0.0 0.0 
-0.115024 -0.47967 -0.0028385 0.0 0.0 0.0 
-0.164655 -0.335825 -0.0028385 0.0 0.0 0.0 
-0.161347 -0.368957 -0.0028385 0.0 0.0 0.0 
-0.0422271 -0.343167 -0.0028385 0.0 0.0 0.0 
-0.0133137 -0.354368 -0.0028385 -0.070894 -0.2088045 -0.00112125 
-0.10091 -0.357688 -0.0028385 0.0 0.0 0.0 
-0.0708175 -0.546985 -0.0028385 0.0 0.0 0.0 
-0.0379514 -0.551476 -0.0028385 -0.067529 -0.1589055 -5.3007e-17 
-0.104096 -0.51082 -0.0028385 0.0 0.0 0.0 
-0.137247 -0.532871 -0.0028385 0.0 0.0 0.0 
-0.062285 -0.517737 -0.0028385 0.0 0.0 0.0 
-0.174233 -0.524933 -0.0028385 -0.071653 -0.157634 -2.346105e-19 
-0.00345549 -0.550636 -0.0028385 0.0 0.0 0.0 
-0.024214 -0.519739 -0.0028385 0.0 0.0 0.0 
-0.00633962 -0.486567 -0.0028385 0.0 0.0 0.0 
-0.0222522 -0.452204 -0.0028385 0.0 0.0 0.0 
-0.0397892 -0.489343 -0.0028385 0.0 0.0 0.0 
-0.128635 -0.380574 -0.0028385 0.0 0.0 0.0 
-0.143289 -0.501748 -0.0028385 0.0 0.0 0.0 
-0.0554735 -0.462991 -0.0028385 0.0 0.0 0.0 
-0.0261969 -0.412962 -0.0028385 0.0 0.0 0.0 
-0.0254965 -0.286246 -0.0028385 -0.0508105 -0.171993 -0.00112125 
-0.167534 -0.302331 -0.0028385 0.0 0.0 0.0 
-0.0748402 -0.333797 -0.0028385 0.0 0.0 0.0 
-0.13828 -0.31227 -0.0028385 0.0 0.0 0.0 
-0.107327 -0.323583 -0.0028385 0.0 0.0 0.0 
-0.0117164 -0.319093 -0.0028385 -0.052975 -0.191308 -0.00112125 
-0.0275761 -0.0241182 -0.0028385 -0.0119383 -0.0202508 -0.00112125 
-0.126898 -0.218536 -0.0028385 -0.134068 -0.1588035 -0.00112125 
-0.0592829 -0.277982 -0.0028385 -0.083327 -0.191287 -0.00112125 
-0.0568339 -0.0110715 -0.0028385 -0.019140000000000004 0.004670250000000001 -0.00112125 
-0.0539994 -0.0468684 -0.0028385 -0.04526685 -0.0338641 -0.00112125 
-0.0241141 -0.0595929 -0.0028385 -0.002081475 -0.04852895 -0.00112125 
-0.00875105 -0.254066 -0.0028385 -0.01858695 -0.138521 -0.00112125 
-0.0859846 0.00253697 -0.0028385 -0.0074119 0.0138145 5.53105e-20 
-0.0835369 -0.0334175 -0.0028385 -0.0110205 -0.0107934 -1.46816e-19 
-0.0811446 -0.068736 -0.0028385 -0.0883836 -0.0597904 -0.0011212499999999996 
-0.0144218 -0.129194 -0.0028385 0.0 0.0 0.0 
-0.0337148 -0.221349 -0.0028385 -0.022122 -0.128002 -0.00112125 
-0.0378195 -0.254129 -0.0028385 -0.03486105 -0.1451115 -0.00112125 
-0.0467799 -0.117468 -0.0028385 -0.0406776 -0.11319209999999999 -0.00112125 
-0.12293 -0.253926 -0.0028385 -0.143386 -0.195292 -0.00112125 
-0.0907828 -0.265843 -0.0028385 -0.1108575 -0.1963185 -0.00112125 
-0.156832 -0.204515 -0.0028385 -0.1527945 -0.155171 -0.00112125 
-0.187249 -0.155332 -0.0028385 -0.1614425 -0.1220665 -0.00112125 
-0.164347 -0.130785 -0.0028385 -0.126782 -0.0978365 -0.00112125 
-0.140084 -0.0753882 -0.0028385 -0.06402 -0.03501225 -1.973185e-19 
-0.134646 -0.145489 -0.0028385 -0.064038 -0.087372 5.0926e-20 
-0.221053 -0.036806 -0.0028385 -0.1064515 0.00651555 -9.76025e-19 
-0.201073 -0.00544805 -0.0028385 -0.1067875 0.0177582 1.010315e-18 
-0.287776 -0.0337464 -0.0028385 -0.130042 0.0272758 6.4618e-15 
-0.251779 -0.0937903 -0.0028385 -0.290674 -0.13885255 -0.00112125 
-0.28509 -0.0943385 -0.0028385 -0.1165795 -0.03188785 3.53921e-20 
-0.362601 -0.241539 -0.0028385 0.0 0.0 0.0 
-0.490312 -0.18348 -0.0028385 -0.1678695 -0.0699585 2.73691e-19 
-0.413465 -0.229242 -0.0028385 0.0 0.0 0.0 
-0.423181 -0.199722 -0.0028385 0.0 0.0 0.0 
-0.419985 -0.0819754 -0.0028385 0.0 0.0 0.0 
-0.549801 -0.00221661 -0.0028385 -0.186351 0.02146015 -2.387595e-18 
-0.485397 -0.0237747 -0.0028385 -0.263911 -0.086327 -0.00112125 
-0.471472 -0.051271 -0.0028385 -0.425489 -0.0962793 -0.0011212499999999994 
-0.487848 -0.0799123 -0.0028385 0.0 0.0 0.0 
-0.43662 -0.110285 -0.0028385 -0.396714 -0.14379645 -0.001121250000000001 
-0.342095 0.00430164 -0.0028385 -0.1930105 -0.070433 -0.00112125 
-0.450699 -0.0199366 -0.0028385 0.0 0.0 0.0 
-0.453855 -0.0808243 -0.0028385 -0.407391 -0.11992379999999998 -0.00112125000000001 
-0.507158 -0.11127 -0.0028385 -0.16584 0.004705065 1.93202e-15 
-0.531684 -0.135933 -0.0028385 -0.1773525 -0.02296105 -1.994145e-19 
-0.494682 -0.143364 -0.0028385 -0.42259749999999996 -0.1829347 -0.0011212500000000003 
-0.45368 -0.137062 -0.0028385 -0.1484985 -0.03360125 9.71825e-19 
-0.279356 -0.160189 -0.0028385 0.0 0.0 0.0 
-0.468411 -0.162617 -0.0028385 -0.146785 -0.0542995 3.5542e-19 
-0.402261 -0.175622 -0.0028385 0.0 0.0 0.0 
-0.514917 -0.20074 -0.0028385 0.0 0.0 0.0 
-0.522354 -0.167525 -0.0028385 0.0 0.0 0.0 
-0.371896 -0.405542 -0.0028385 -0.130502 -0.155428 -2.423435e-19 
-0.311636 -0.293315 -0.0028385 0.0 0.0 0.0 
-0.27951 -0.408361 -0.0028385 0.0 0.0 0.0 
-0.249662 -0.388846 -0.0028385 0.0 0.0 0.0 
-0.248878 -0.424613 -0.0028385 -0.089842 -0.1440835 -2.99399e-19 
-0.426158 -0.353182 -0.0028385 -0.1624895 -0.1483135 3.80433e-20 
-0.399264 -0.379407 -0.0028385 -0.1400145 -0.1574715 1.096775e-16 
-0.278659 -0.475541 -0.0028385 0.0 0.0 0.0 
-0.208862 -0.510885 -0.0028385 -0.077871 -0.159696 9.57145e-18 
-0.243591 -0.493375 -0.0028385 -0.0869535 -0.160505 1.156045e-17 
-0.24715 -0.459155 -0.0028385 -0.099657 -0.1564265 4.72948e-19 
-0.216725 -0.441164 -0.0028385 0.0 0.0 0.0 
-0.280622 -0.442134 -0.0028385 0.0 0.0 0.0 
-0.343549 -0.432006 -0.0028385 0.0 0.0 0.0 
-0.364805 -0.370929 -0.0028385 0.0 0.0 0.0 
-0.447591 -0.32304 -0.0028385 0.0 0.0 0.0 
-0.390449 -0.345707 -0.0028385 0.0 0.0 0.0 
-0.308023 -0.385912 -0.0028385 0.0 0.0 0.0 
-0.278018 -0.375423 -0.0028385 0.0 0.0 0.0 
-0.311276 -0.42119 -0.0028385 0.0 0.0 0.0 
-0.339373 -0.396614 -0.0028385 0.0 0.0 0.0 
-0.355805 -0.336799 -0.0028385 0.0 0.0 0.0 
-0.337351 -0.269227 -0.0028385 0.0 0.0 0.0 
-0.345705 -0.302803 -0.0028385 0.0 0.0 0.0 
-0.424276 -0.259311 -0.0028385 0.0 0.0 0.0 
-0.456079 -0.257787 -0.0028385 -0.150242 -0.099249 6.10475e-19 
-0.467689 -0.290621 -0.0028385 0.0 0.0 0.0 
-0.379307 -0.31168 -0.0028385 -0.12298 -0.1235875 -2.07475e-20 
-0.401775 -0.285629 -0.0028385 -0.1294065 -0.101981 3.071715e-19 
-0.435255 -0.290733 -0.0028385 -0.155962 -0.1173635 -2.00661e-18 
-0.486223 -0.258415 -0.0028385 -0.1760485 -0.112812 -4.54375e-19 
-0.477583 -0.220465 -0.0028385 -0.158448 -0.0856125 1.003375e-18 
-0.457104 -0.19454 -0.0028385 -0.1384565 -0.0729955 -1.38674e-18 
-0.44557 -0.227262 -0.0028385 -0.1355415 -0.081273 -8.827e-18 
-0.330394 -0.237001 -0.0028385 -0.225233 -0.1867435 -0.00112125 
-0.30174 -0.183529 -0.0028385 0.0 0.0 0.0 
-0.354861 -0.2092 -0.0028385 0.0 0.0 0.0 
-0.391446 -0.25128 -0.0028385 0.0 0.0 0.0 
-0.330866 -0.36091 -0.0028385 -0.122969 -0.1444905 -1.16884e-19 
-0.321636 -0.32681 -0.0028385 -0.3287505 -0.30391599999999996 -0.0011212500000000003 
-0.369225 -0.277259 -0.0028385 0.0 0.0 0.0 
-0.245872 -0.253849 -0.0028385 0.0 0.0 0.0 
-0.298618 -0.223987 -0.0028385 -0.2077165 -0.1811375 -0.00112125 
-0.275499 -0.202053 -0.0028385 0.0 0.0 0.0 
-0.154125 -0.240087 -0.0028385 -0.163888 -0.188306 -0.00112125 
-0.0126666 -0.193368 -0.0028385 0.0 0.0 0.0 
-0.223384 -0.304852 -0.0028385 -0.250065 -0.32068450000000004 -0.0011212500000000003 
-0.0656913 -0.242096 -0.0028385 -0.0704375 -0.158849 -0.00112125 
-0.193169 -0.289116 -0.0028385 0.0 0.0 0.0 
-0.0446224 -0.186686 -0.0028385 -0.0225662 -0.112894 -0.00112125 
-0.0964613 -0.231151 -0.0028385 -0.1027805 -0.161378 -0.00112125 
-0.2174 -0.206266 -0.0028385 -0.1975175 -0.1749035 -0.00112125 
-0.247446 -0.220659 -0.0028385 0.0 0.0 0.0 
-0.217158 -0.270317 -0.0028385 0.0 0.0 0.0 
-0.248244 -0.284706 -0.0028385 -0.1965715 -0.18968 -0.00112125 
-0.153902 -0.435118 -0.0028385 0.0 0.0 0.0 
-0.185103 -0.224127 -0.0028385 -0.1824585 -0.1833565 -0.00112125 
-0.150192 -0.275477 -0.0028385 -0.1629175 -0.2121365 -0.00112125 
-0.129697 -0.182728 -0.0028385 -0.1256315 -0.1218545 -0.00112125 
-0.099753 -0.196469 -0.0028385 -0.0968605 -0.1288985 -0.00112125 
-0.120614 -0.446342 -0.0028385 0.0 0.0 0.0 
-0.0681179 -0.209347 -0.0028385 -0.0543105 -0.1307395 -0.00112125 
-0.0543761 -0.432555 -0.0028385 0.0 0.0 0.0 
-0.0616442 -0.400849 -0.0028385 0.0 0.0 0.0 
-0.0893005 -0.42418 -0.0028385 0.0 0.0 0.0 
-0.0953362 -0.391103 -0.0028385 0.0 0.0 0.0 
-0.182417 -0.259005 -0.0028385 -0.1760985 -0.19948 -0.00112125 
-0.183489 -0.456078 -0.0028385 0.0 0.0 0.0 
-0.0877806 -0.456251 -0.0028385 0.0 0.0 0.0 
-0.187103 -0.421958 -0.0028385 0.0 0.0 0.0 
-0.313652 -0.456482 -0.0028385 0.0 0.0 0.0 
-0.223954 -0.370694 -0.0028385 0.0 0.0 0.0 
-0.258757 -0.350127 -0.0028385 -0.087611 -0.123821 1.016785e-19 
-0.296554 -0.349764 -0.0028385 -0.315472 -0.3291545 -0.0011212500000000003 
-0.219345 -0.40619 -0.0028385 0.0 0.0 0.0 
-0.190674 -0.388088 -0.0028385 0.0 0.0 0.0 
-0.274309 -0.243761 -0.0028385 0.0 0.0 0.0 
-0.30435 -0.259217 -0.0028385 0.0 0.0 0.0 
-0.413434 -0.319364 -0.0028385 -0.1436015 -0.128759 3.05112e-19 
-0.387384 -0.211079 -0.0028385 0.0 0.0 0.0 
-0.286854 -0.317898 -0.0028385 -0.208651 -0.190093 -0.00112125 
-0.278586 -0.281647 -0.0028385 -0.2085615 -0.189218 -0.00112125 
-0.226887 -0.338115 -0.0028385 0.0 0.0 0.0 
-0.370478 -0.17884 -0.0028385 -0.2415315 -0.1715995 -0.00112125 
-0.418653 -0.141688 -0.0028385 -0.244866 -0.1519115 -0.00112125 
-0.385501 -0.146256 -0.0028385 0.0 0.0 0.0 
-0.368462 -0.117349 -0.0028385 0.0 0.0 0.0 
-0.351871 -0.148467 -0.0028385 -0.2228535 -0.141603 -0.00112125 
-0.333726 -0.121099 -0.0028385 -0.130828 -0.04480555 2.24184e-19 
-0.25409 -0.0352101 -0.0028385 -0.2853275 -0.0628451 -0.0011212499999999999 
-0.302907 -0.0624595 -0.0028385 -0.1332065 0.00156978 -3.2935e-19 
-0.549235 -0.0691401 -0.0028385 -0.2848745 -0.119409 -0.00112125 
-0.548073 -0.0368588 -0.0028385 -0.3000875 -0.0803865 -0.00112125 
-0.511037 -0.0492662 -0.0028385 0.0 0.0 0.0 
-0.415576 -0.0167798 -0.0028385 -0.2439275 -0.084165 -0.00112125 
-0.402292 -0.113653 -0.0028385 0.0 0.0 0.0 
-0.191714 -0.0377969 -0.0028385 -0.2259375 -0.058298255 -0.00112125 
-0.172867 -0.0936458 -0.0028385 -0.205225 -0.12189074999999999 -0.00112125 
-0.158842 -0.16875 -0.0028385 0.0 0.0 0.0 
-0.104846 -0.159754 -0.0028385 -0.100058 -0.0977915 -0.00112125 
-0.0750749 -0.173688 -0.0028385 -0.0595285 -0.1081025 -0.00112125 
-0.139987 -0.00285662 -0.0028385 -0.1550535 -0.02344095 -0.0011212500000000003 
-0.108727 -0.123505 -0.0028385 -0.149433 -0.1402985 -0.00112125 
-0.0783392 -0.103576 -0.0028385 -0.1057935 -0.10307225 -0.0011212500000000003 
-0.0504702 -0.150224 -0.0028385 -0.06489555 -0.1663255 -0.00112125 
-0.07884 -0.137237 -0.0028385 -0.066839 -0.0826835 -0.00112125 
-0.140106 -0.0390342 -0.0028385 -0.15716 -0.05686855 -0.0011212500000000003 
-0.194846 -0.119094 -0.0028385 -0.244504 -0.16651549999999998 -0.00112125 
-0.167534 -0.0208034 -0.0028385 -0.18599 -0.032264635 -0.0011212500000000003 
-0.235435 -0.00736653 -0.0028385 -0.112662 0.0222455 3.210315e-18 
-0.304281 -0.0020612 -0.0028385 -0.181496 -0.0755785 -0.00112125 
-0.234526 -0.0657937 -0.0028385 -0.275761 -0.10126625 -0.0011212499999999999 
-0.217529 -0.174363 -0.0028385 -0.1941205 -0.146107 -0.00112125 
-0.215497 -0.14334 -0.0028385 -0.0890995 -0.087168 4.385785e-19 
-0.214887 -0.0945184 -0.0028385 0.0 0.0 0.0 
-0.0197919 -0.0945848 -0.0028385 0.003764765 -0.01066755 -3.17212e-19 
-0.167246 -0.0587111 -0.0028385 -0.1870905 -0.0792472 -0.0011212500000000003 
-0.112365 -0.0189505 -0.0028385 -0.0431323 -0.00232227 7.5426e-20 
-0.199242 -0.0687697 -0.0028385 -0.1571535 -0.081353 -0.00112125 
-0.234205 -0.12021 -0.0028385 -0.1007565 -0.0579135 8.99895e-20 
-0.246854 -0.152776 -0.0028385 -0.101163 -0.0837395 -9.78805e-20 
-0.267521 -0.125824 -0.0028385 -0.111486 -0.061045 -3.46107e-19 
-0.299406 -0.125223 -0.0028385 -0.1977495 -0.126625 -0.00112125 
-0.269299 -0.0642768 -0.0028385 -0.29623750000000004 -0.10385894999999999 -0.001121249999999987 
-0.377336 -0.00145869 -0.0028385 -0.2127675 -0.0763465 -0.00112125 
-0.321157 -0.0290959 -0.0028385 0.0 0.0 0.0 
-0.368542 -0.0584681 -0.0028385 0.0 0.0 0.0 
-0.351469 -0.0894021 -0.0028385 -0.21602 -0.118791 -0.00112125 
-0.31561 -0.152331 -0.0028385 -0.316963 -0.21178450000000001 -0.00112125 
-0.335413 -0.0598136 -0.0028385 0.0 0.0 0.0 
-0.337222 -0.177713 -0.0028385 -0.3398385 -0.24936199999999997 -0.0011212500000000005 
-0.435702 -0.168307 -0.0028385 0.0 0.0 0.0 
-0.542354 -0.103484 -0.0028385 0.0 0.0 0.0 
-0.385947 -0.0855245 -0.0028385 -0.2311715 -0.1233815 -0.00112125 
-0.519496 -0.0799112 -0.0028385 0.0 0.0 0.0 
-0.385827 -0.0300502 -0.0028385 -0.2221515 -0.099049 -0.00112125 
-0.404066 -0.0539368 -0.0028385 0.0 0.0 0.0 
-0.436226 -0.0493825 -0.0028385 -0.24209 -0.1097345 -0.00112125 
-0.550233 0.0629096 -0.0028385 0.0 0.0 0.0 
-0.54404 0.091561 -0.0028385 0.0 0.0 0.0 
-0.459985 0.164679 -0.0028385 0.0 0.0 0.0 
-0.422843 0.176036 -0.0028385 -0.241141 0.0574745 -0.00112125 
-0.518843 0.18484 -0.0028385 0.0 0.0 0.0 
-0.485391 0.18992 -0.0028385 0.0 0.0 0.0 
-0.410904 0.11425 -0.0028385 0.0 0.0 0.0 
-0.355246 0.143303 -0.0028385 0.0 0.0 0.0 
-0.360961 0.104381 -0.0028385 -0.1878565 0.00226744 -0.00112125 
-0.388752 0.0894647 -0.0028385 -0.1923855 -0.007175 -0.00112125 
-0.365851 0.0662563 -0.0028385 -0.1866335 -0.0211403 -0.00112125 
-0.419514 0.0802131 -0.0028385 -0.2156925 -0.01567545 -0.00112125 
-0.342068 0.0438171 -0.0028385 -0.188075 -0.0373666 -0.00112125 
-0.311483 0.0577452 -0.0028385 0.0 0.0 0.0 
-0.33714 0.0803405 -0.0028385 0.0 0.0 0.0 
-0.231421 0.204667 -0.0028385 -0.230511 0.13575700000000002 -0.0011212500000000003 
-0.225962 0.173192 -0.0028385 0.0 0.0 0.0 
-0.198319 0.188828 -0.0028385 -0.092591 0.050131 -9.07475e-20 
-0.170197 0.171135 -0.0028385 -0.064846 0.05125 1.71257e-19 
-0.114094 0.0177297 -0.0028385 -0.062719 -0.0163503 -0.00112125 
-0.117525 0.0549112 -0.0028385 -0.09343775 0.046025750000000004 -0.00112125 
-0.125251 0.209891 -0.0028385 -0.00785875 0.10878 -0.00112125 
-0.211904 0.12107 -0.0028385 0.0 0.0 0.0 
-0.232349 0.142474 -0.0028385 0.0 0.0 0.0 
-0.331773 0.116329 -0.0028385 -0.172383 0.0089735 -0.00112125 
-0.227726 0.0563352 -0.0028385 0.0 0.0 0.0 
-0.254714 0.0192352 -0.0028385 0.0 0.0 0.0 
-0.0920159 0.0767203 -0.0028385 -0.0188337 0.09737985 -0.0011212499999999999 
-0.127686 0.126192 -0.0028385 -0.0362583 0.068721 -0.00112125 
-0.122045 0.0906547 -0.0028385 -0.0735368 0.101517 -0.0011212500000000003 
-0.090474 0.208744 -0.0028385 0.0210217 0.118164 -0.00112125 
-0.0893348 0.0392369 -0.0028385 -0.04641405 0.0087724 -0.00112125 
-0.00245362 0.0337479 -0.0028385 0.02511895 0.0511635 -0.00112125 
-0.0974905 0.112254 -0.0028385 -0.025664399999999997 0.1315065 -0.00112125 
-0.0527895 0.153792 -0.0028385 0.08076515000000001 0.1748725 -0.0011212499999999994 
-0.100753 0.149019 -0.0028385 0.0026928000000000004 0.1514955 -0.0011212500000000003 
-0.110097 0.180841 -0.0028385 0.0021048150000000003 0.1683295 -0.0011212500000000003 
-0.13518 0.158366 -0.0028385 -0.0590012 0.13723849999999999 -0.0011212500000000005 
-0.147067 0.0697436 -0.0028385 -0.155533 0.0468176 -0.0011212499999999999 
-0.16902 0.0118881 -0.0028385 -0.203288 -0.006670950000000002 -0.00112125 
-0.491497 0.0366667 -0.0028385 -0.4556345 -0.041887350000000004 -0.0011212499999999996 
-0.522389 0.0214458 -0.0028385 -0.3175095 -0.0488727 -0.00112125 
-0.497114 0.00483154 -0.0028385 -0.179978 0.0200462 -5.48925e-18 
-0.281988 0.0680736 -0.0028385 0.0 0.0 0.0 
-0.550054 0.031796 -0.0028385 0.0 0.0 0.0 
-0.195368 0.0275809 -0.0028385 0.0 0.0 0.0 
-0.248742 0.0805698 -0.0028385 0.0 0.0 0.0 
-0.267612 0.132696 -0.0028385 0.0 0.0 0.0 
-0.307019 0.0925883 -0.0028385 -0.15744 0.001383915 -0.00112125 
-0.406293 0.148023 -0.0028385 0.0 0.0 0.0 
-0.51077 0.0920271 -0.0028385 -0.1805085 0.0465175 -7.50955e-20 
-0.36779 0.203745 -0.0028385 -0.1844475 0.0788805 -0.00112125 
-0.26134 0.188471 -0.0028385 -0.139838 0.0321698 -2.95569e-18 
-0.178458 0.0830818 -0.0028385 -0.1003185 0.00983485 -0.00112125 
-0.33816 0.266909 -0.0028385 -0.1634435 0.1138095 -0.00112125 
-0.356779 0.234801 -0.0028385 0.0 0.0 0.0 
-0.430326 0.216585 -0.0028385 0.0 0.0 0.0 
-0.287454 0.31117 -0.0028385 -0.1277865 0.1359065 -0.00112125 
-0.269665 0.250542 -0.0028385 -0.1528825 0.1190115 -1.48397e-19 
-0.210454 0.258478 -0.0028385 -0.107235 0.1035295 5.67195e-20 
-0.151357 0.529549 -0.0028385 -0.02195515 0.199189 -0.00112125 
-0.187535 0.44833 -0.0028385 0.0 0.0 0.0 
-0.401988 0.334211 -0.0028385 -0.240772 0.1578925 -0.00112125 
-0.272557 0.443834 -0.0028385 0.0 0.0 0.0 
-0.313279 0.330985 -0.0028385 -0.1569275 0.1463455 -0.00112125 
-0.260027 0.327023 -0.0028385 -0.0877445 0.1528795 -0.00112125 
-0.251729 0.355433 -0.0028385 -0.073986 0.1662605 -0.00112125 
-0.119183 0.536684 -0.0028385 0.0 0.0 0.0 
-0.125338 0.50381 -0.0028385 0.0 0.0 0.0 
-0.0660815 0.521963 -0.0028385 0.0 0.0 0.0 
-0.0238714 0.212028 -0.0028385 0.05174 0.134875 -0.00112125 
-0.00602941 0.240804 -0.0028385 0.063513 0.151379 -0.00112125 
-0.021364 0.385781 -0.0028385 0.0 0.0 0.0 
-0.0575246 0.271539 -0.0028385 0.0459966 0.150059 -0.00112125 
-0.0290439 0.356281 -0.0028385 0.0948395 0.205595 -0.00112125 
-0.0155059 0.327775 -0.0028385 0.0 0.0 0.0 
-0.0355507 0.299682 -0.0028385 0.072088 0.171654 -0.00112125 
-0.0669422 0.306345 -0.0028385 0.04558165 0.1678155 -0.00112125 
-0.0784019 0.33726 -0.0028385 0.0 0.0 0.0 
-0.0499142 0.401994 -0.0028385 0.0 0.0 0.0 
-0.138058 0.402244 -0.0028385 0.0 0.0 0.0 
-0.087045 0.544705 -0.0028385 0.0 0.0 0.0 
-0.133122 0.437318 -0.0028385 0.0 0.0 0.0 
-0.11034 0.235058 -0.0028385 0.01259925 0.1301575 -0.00112125 
-0.0414544 0.240962 -0.0028385 0.04634885 0.1435105 -0.00112125 
-0.0221334 0.269659 -0.0028385 0.06469 0.1606675 -0.00112125 
-0.0191983 0.41687 -0.0028385 0.03180395 0.12406 2.67936e-19 
-0.0211428 0.551991 -0.0028385 0.0 0.0 0.0 
-0.0417153 0.46608 -0.0028385 0.0 0.0 0.0 
-0.107555 0.415026 -0.0028385 -0.0167221 0.350951 -0.0011212499999999994 
-0.114138 0.381704 -0.0028385 -0.0368093 0.1424545 9.44665e-20 
-0.203934 0.22319 -0.0028385 -0.074594 0.1021175 -0.00112125 
-0.214252 0.47124 -0.0028385 -0.0447483 0.2064495 -0.00112125 
-0.18571 0.485091 -0.0028385 0.0 0.0 0.0 
-0.213117 0.50777 -0.0028385 0.0 0.0 0.0 
-0.248067 0.388604 -0.0028385 -0.060041 0.1786005 -0.00112125 
-0.215573 0.434786 -0.0028385 -0.03182985 0.1949645 -0.00112125 
-0.274474 0.409435 -0.0028385 -0.0890645 0.1863865 -0.00112125 
-0.27868 0.375947 -0.0028385 -0.0965705 0.1702605 -0.00112125 
-0.277069 0.282207 -0.0028385 -0.118917 0.119122 -0.00112125 
-0.217072 0.294156 -0.0028385 -0.1951655 0.29298650000000004 -0.00112125 
-0.222806 0.365166 -0.0028385 0.0 0.0 0.0 
-0.421283 0.24579 -0.0028385 0.0 0.0 0.0 
-0.37351 0.263825 -0.0028385 0.0 0.0 0.0 
-0.475769 0.273867 -0.0028385 0.0 0.0 0.0 
-0.459148 0.301861 -0.0028385 0.0 0.0 0.0 
-0.301477 0.428692 -0.0028385 0.0 0.0 0.0 
-0.369329 0.326785 -0.0028385 0.0 0.0 0.0 
-0.357257 0.419546 -0.0028385 -0.2022795 0.1936185 -0.00112125 
-0.343196 0.349125 -0.0028385 -0.177528 0.151999 -0.00112125 
-0.314736 0.365476 -0.0028385 -0.161834 0.1603015 -0.00112125 
-0.331185 0.4442 -0.0028385 0.0 0.0 0.0 
-0.304444 0.394261 -0.0028385 -0.141254 0.1736925 -0.00112125 
-0.379607 0.395946 -0.0028385 0.0 0.0 0.0 
-0.374787 0.360344 -0.0028385 -0.2129175 0.1680475 -0.00112125 
-0.356506 0.292219 -0.0028385 -0.183209 0.1294415 -0.00112125 
-0.338686 0.315772 -0.0028385 -0.172836 0.1427905 -0.00112125 
-0.315385 0.292858 -0.0028385 0.0 0.0 0.0 
-0.421332 0.303824 -0.0028385 0.0 0.0 0.0 
-0.404534 0.271719 -0.0028385 -0.2517325 0.11902 -0.00112125 
-0.43939 0.275044 -0.0028385 -0.2678925 0.1193015 -0.00112125 
-0.442386 0.32857 -0.0028385 -0.2678995 0.141967 -0.00112125 
-0.450518 0.193867 -0.0028385 0.0 0.0 0.0 
-0.492813 0.246128 -0.0028385 -0.289572 0.1083415 -0.00112125 
-0.527499 0.152635 -0.0028385 0.0 0.0 0.0 
-0.469053 0.132608 -0.0028385 -0.245171 0.0107957 -0.00112125 
-0.451455 0.0751387 -0.0028385 -0.411319 -0.004553500000000002 -0.0011212499999999994 
-0.535823 0.121475 -0.0028385 -0.1857085 0.07892 6.23295e-19 
-0.51892 0.0578289 -0.0028385 0.0 0.0 0.0 
-0.370057 0.0297671 -0.0028385 0.0 0.0 0.0 
-0.317574 0.0254893 -0.0028385 0.0 0.0 0.0 
-0.395641 0.0533069 -0.0028385 -0.2089115 -0.050208 -0.00112125 
-0.400869 0.200369 -0.0028385 -0.229132 0.0886815 -0.00112125 
-0.302499 0.262284 -0.0028385 -0.174104 0.1380465 7.73145e-20 
-0.43648 0.141784 -0.0028385 -0.40464 0.0862187 -0.0011212499999999994 
-0.381825 0.128986 -0.0028385 0.0 0.0 0.0 
-0.179339 0.244961 -0.0028385 -0.1089923 0.213974 -0.0011212500000000003 
-0.236125 0.237385 -0.0028385 -0.23410750000000002 0.19613750000000002 -0.0011212499999999999 
-0.256904 0.160788 -0.0028385 -0.1236855 0.04730785 -0.00112125 
-0.19685 0.151347 -0.0028385 -0.082281 0.068331 -0.00112125 
-0.224432 0.0242336 -0.0028385 -0.132036 -0.02188635 -0.00112125 
-0.299332 0.126583 -0.0028385 0.0 0.0 0.0 
-0.183839 0.115322 -0.0028385 -0.1877855 0.06969565 -0.0011212500000000003 
-0.169763 0.0477718 -0.0028385 -0.0975965 -0.00581175 -0.00112125 
-0.0644207 0.060242 -0.0028385 0.0271649 0.0946569 -0.0011212499999999999 
-0.152449 0.104469 -0.0028385 -0.1274275 0.09071035 -0.0011212500000000018 
-0.171737 0.209244 -0.0028385 -0.0424714 0.095683 -0.00112125 
-0.157796 0.270593 -0.0028385 -0.0308356 0.1511055 -0.00112125 
-0.148351 0.232666 -0.0028385 -0.04955825 0.199612 -0.0011212500000000003 
-0.131119 0.259822 -0.0028385 -0.00994392 0.223001 -0.0011212500000000042 
-0.0876629 0.365382 -0.0028385 0.0 0.0 0.0 
-0.0439963 0.43544 -0.0028385 0.0 0.0 0.0 
-0.156236 0.495754 -0.0028385 0.0 0.0 0.0 
-0.242465 0.492799 -0.0028385 0.0 0.0 0.0 
-0.24304 0.457453 -0.0028385 0.0 0.0 0.0 
-0.162166 0.424765 -0.0028385 0.0 0.0 0.0 
-0.285846 0.346036 -0.0028385 -0.1164675 0.157596 -0.00112125 
-0.217887 0.399224 -0.0028385 0.0 0.0 0.0 
-0.302632 0.462596 -0.0028385 -0.129673 0.2040215 -0.00112125 
-0.272197 0.477876 -0.0028385 0.0 0.0 0.0 
-0.183421 0.521739 -0.0028385 0.0 0.0 0.0 
-0.0250186 0.4906 -0.0028385 0.0 0.0 0.0 
-0.0755219 0.42607 -0.0028385 0.0798726 0.353714 -0.0011212500000000012 
-0.102772 0.314955 -0.0028385 0.01843015 0.1752615 -0.00112125 
-0.00566933 0.519581 -0.0028385 0.0 0.0 0.0 
-0.0367331 0.520363 -0.0028385 0.01952055 0.155422 -6.8869e-19 
-0.0529318 0.551418 -0.0028385 0.0 0.0 0.0 
-0.128214 0.471236 -0.0028385 0.0 0.0 0.0 
-0.112515 0.346563 -0.0028385 0.01186225 0.107602 -1.931975e-19 
-0.141312 0.363278 -0.0028385 -0.1033825 0.1586325 -2.392255e-19 
-0.102399 0.447913 -0.0028385 0.0515705 0.211084 -0.00112125 
-0.0959873 0.480792 -0.0028385 0.0 0.0 0.0 
-0.0715714 0.458324 -0.0028385 -0.00059321 0.153442 -7.5569e-19 
-0.0619965 0.491526 -0.0028385 0.0 0.0 0.0 
-0.0124872 0.454525 -0.0028385 0.0 0.0 0.0 
-0.0565634 0.368644 -0.0028385 0.061987 0.2012055 -0.00112125 
-0.0479689 0.332413 -0.0028385 0.06498 0.1860175 -0.00112125 
-0.040042 0.120912 -0.0028385 0.024657 0.0938065 -0.00112125 
-0.00649036 0.182228 -0.0028385 0.0541215 0.1248145 -0.00112125 
-0.00382771 0.124368 -0.0028385 0.0 0.0 0.0 
-0.00685126 0.0657925 -0.0028385 0.03465525 0.073537 -0.00112125 
-0.0339752 0.0459352 -0.0028385 0.00664855 0.04755765 -0.00112125 
-0.0168218 0.0976479 -0.0028385 0.0379434 0.0901305 -0.00112125 
-0.0301859 0.0115488 -0.0028385 -0.0069458 0.0140205 -0.00112125 
-0.0731572 0.133044 -0.0028385 0.04034025 0.1575125 -0.0011212500000000014 
-0.066242 0.0986312 -0.0028385 0.042891565 0.13621450000000002 -0.0011212499999999994 
-0.076257 0.176276 -0.0028385 0.049529250000000004 0.18142550000000002 -0.0011212499999999999 
-0.159472 0.30454 -0.0028385 0.0 0.0 0.0 
-0.137063 0.326641 -0.0028385 -0.04976495 0.1172395 5.56365e-20 
-0.0588086 0.210541 -0.0028385 0.03774155 0.132272 -0.00112125 
-0.0406662 0.183019 -0.0028385 0.03924005 0.119922 -0.00112125 
-0.289449 0.161528 -0.0028385 0.0 0.0 0.0 
-0.293042 0.197424 -0.0028385 -0.2858315 0.1334815 -0.00112125 
-0.161875 0.138601 -0.0028385 -0.051522 0.0703825 -0.00112125 
-0.198973 0.0590632 -0.0028385 -0.1201015 -0.000402444 -0.00112125 
-0.286198 0.0305083 -0.0028385 -0.16512 -0.0360059 -0.00112125 
-0.257515 0.0486724 -0.0028385 0.0 0.0 0.0 
-0.275451 0.101017 -0.0028385 0.0 0.0 0.0 
-0.502407 0.12502 -0.0028385 -0.4740385 0.09557875 -0.0011212499999999988 
-0.435395 0.0127197 -0.0028385 -0.39848950000000005 -0.056612600000000006 -0.0011212500000000014 
-0.48482 0.0684136 -0.0028385 -0.291288 -0.04934655 -0.00112125 
-0.494087 0.15781 -0.0028385 0.0 0.0 0.0 
-0.331075 0.208091 -0.0028385 -0.1759255 0.0854195 1.24606e-19 
-0.323142 0.149143 -0.0028385 -0.1605515 0.0190439 -0.00112125 
-0.382833 0.169534 -0.0028385 0.0 0.0 0.0 
-0.391388 0.233161 -0.0028385 -0.2158 0.1113395 -0.00112125 
-0.388256 0.299911 -0.0028385 -0.221279 0.1324035 -0.00112125 
-0.186839 0.281173 -0.0028385 -0.13299945000000002 0.26775550000000004 -0.00112125 
-0.249465 0.300156 -0.0028385 0.0 0.0 0.0 
-0.242314 0.269759 -0.0028385 -0.14631 0.1294 3.08394e-20 
-0.47127 0.219147 -0.0028385 0.0 0.0 0.0 
-0.325157 0.238751 -0.0028385 -0.15816 0.0980025 -0.00112125 
-0.244727 0.422567 -0.0028385 -0.055634 0.198816 -0.00112125 
-0.164337 0.385762 -0.0028385 0.0 0.0 0.0 
-0.191384 0.374942 -0.0028385 0.0 0.0 0.0 
-0.190159 0.314947 -0.0028385 -0.14531015 0.328492 -0.0011212499999999999 
-0.167325 0.343949 -0.0028385 0.0 0.0 0.0 
-0.346323 0.383028 -0.0028385 -0.181591 0.173698 -0.00112125 
-0.426934 0.354026 -0.0028385 0.0 0.0 0.0 
